['000BABDA71EC', <bound method Series.var of 44      1513.0
47      1378.0
49      1382.0
50      1381.0
142     1553.0
165     1351.0
166     1351.0
195     1567.0
216     1250.0
253     1643.0
258     1675.0
259     1675.0
286     1452.0
287     1452.0
288     1453.0
289     1452.0
290     1452.0
320     1549.0
322     1558.0
323     1558.0
324     1558.0
325     1559.0
347     1548.0
350     1557.0
376     1544.0
379     1600.0
390     1435.0
405     1296.0
406     1297.0
407     1296.0
         ...  
2226    1486.0
2227    1496.0
2265    1338.0
2266    1349.0
2301    1635.0
2302    1635.0
2329     473.0
2493    1203.0
2570    1304.0
2577    1652.0
2618    1524.0
2640    1647.0
2669    1252.0
2743    1646.0
2833    1544.0
2834    1554.0
2839    1334.0
2849    1491.0
2879    1443.0
2992    1213.0
3009    1325.0
3016    1366.0
3033    1502.0
3035     473.0
3048    1562.0
3050    1260.0
3057    1324.0
3060    1658.0
3067    1618.0
3082    1682.0
Name: timeDiff, dtype: float64>]